DOSE	REP	Ano	Prof	Presina	MO	pH	K	Ca	Mg	HAl	SB	CTC	V
0	1	2018	0.00-0.05	21.0	22.0	5.8	1.9	36.0	17.0	20.0	54.9	74.9	73.0
0	1	2018	0.05-0.10	17.0	22.0	5.8	1.3	35.0	18.0	20.0	54.3	74.3	73.0
0	1	2018	0.10-0.20	14.0	21.0	4.9	0.8	19.0	12.0	28.0	31.8	59.8	53.0
0	1	2018	0.20-0.40	8.0	20.0	5.2	0.9	23.0	14.0	28.0	37.4	65.4	57.0
0	2	2018	0.00-0.05	21.0	24.0	5.7	2.2	32.0	20.0	20.0	54.2	74.2	73.0
0	2	2018	0.05-0.10	19.0	21.0	5.5	1.5	26.0	17.0	25.0	44.5	69.5	64.0
0	2	2018	0.10-0.20	12.0	18.0	5.1	0.9	20.0	13.0	28.0	33.9	61.9	55.0
0	2	2018	0.20-0.40	8.0	16.0	5.2	0.9	23.0	13.0	31.0	36.4	67.4	54.0
10	1	2018	0.00-0.05	49.0	20.0	6.0	0.9	21.0	14.0	18.0	35.9	53.9	67.0
10	1	2018	0.05-0.10	20.0	19.0	5.8	1.2	28.0	14.0	18.0	43.2	61.2	71.0
10	1	2018	0.10-0.20	14.0	17.0	5.4	0.9	22.0	13.0	25.0	35.9	60.9	59.0
10	1	2018	0.20-0.40	17.0	18.0	4.9	1.0	19.0	10.0	31.0	30.0	61.0	49.0
Ad. Mineral	1	2018	0.00-0.05	21.0	20.0	5.7	1.8	32.0	16.0	20.0	49.8	69.8	71.0
Ad. Mineral	1	2018	0.05-0.10	18.0	18.0	5.6	1.0	29.0	14.0	20.0	44.0	64.0	69.0
Ad. Mineral	1	2018	0.10-0.20	13.0	18.0	5.2	0.8	19.0	12.0	31.0	31.8	62.8	51.0
Ad. Mineral	1	2018	0.20-0.40	13.0	19.0	5.8	1.2	28.0	13.0	25.0	42.2	67.2	63.0
10	2	2018	0.00-0.05	84.0	24.0	6.4	2.7	60.0	32.0	15.0	94.7	109.7	86.0
10	2	2018	0.05-0.10	26.0	21.0	6.1	1.6	35.0	18.0	18.0	54.6	72.6	75.0
10	2	2018	0.10-0.20	18.0	22.0	5.3	1.4	22.0	15.0	25.0	38.4	63.4	61.0
10	2	2018	0.20-0.40	7.0	16.0	4.9	1.0	16.0	10.0	25.0	27.0	52.0	52.0
5	1	2018	0.00-0.05	40.0	21.0	6.3	3.0	47.0	19.0	16.0	69.0	85.0	81.0
5	1	2018	0.05-0.10	23.0	20.0	6.1	1.3	41.0	17.0	18.0	59.3	77.3	77.0
5	1	2018	0.10-0.20	15.0	20.0	5.6	1.0	27.0	14.0	22.0	42.0	64.0	66.0
5	1	2018	0.20-0.40	12.0	21.0	5.5	1.3	17.0	13.0	22.0	30.8	52.8	58.0
10	3	2018	0.00-0.05	50.0	21.0	5.9	1.7	39.0	22.0	18.0	62.7	80.7	78.0
10	3	2018	0.05-0.10	23.0	21.0	5.6	1.0	29.0	15.0	22.0	45.0	67.0	67.0
10	3	2018	0.10-0.20	16.0	18.0	5.1	0.8	21.0	12.0	31.0	33.8	64.8	52.0
10	3	2018	0.20-0.40	19.0	19.0	5.3	0.9	17.0	12.0	25.0	29.9	54.9	54.0
Ad. Mineral	2	2018	0.00-0.05	37.0	23.0	5.9	2.1	35.0	17.0	18.0	54.1	72.1	75.0
Ad. Mineral	2	2018	0.05-0.10	21.0	20.0	5.8	1.2	34.0	13.0	20.0	48.2	68.2	71.0
Ad. Mineral	2	2018	0.10-0.20	16.0	19.0	5.9	0.8	35.0	13.0	18.0	48.8	66.8	73.0
Ad. Mineral	2	2018	0.20-0.40	5.0	17.0	4.9	0.9	15.0	13.0	28.0	28.6	56.6	51.0
12.5	1	2018	0.00-0.05	81.0	22.0	6.2	2.3	52.0	21.0	15.0	75.3	90.3	83.0
12.5	1	2018	0.05-0.10	24.0	19.0	6.0	1.1	39.0	17.0	18.0	57.1	75.1	76.0
12.5	1	2018	0.10-0.20	14.0	19.0	5.8	0.8	27.0	15.0	20.0	42.8	62.8	68.0
12.5	1	2018	0.20-0.40	13.0	19.0	5.4	1.3	24.0	13.0	25.0	38.3	63.3	61.0
5	2	2018	0.00-0.05	34.0	22.0	5.7	1.9	32.0	19.0	20.0	52.9	72.9	73.0
5	2	2018	0.05-0.10	19.0	21.0	5.5	1.1	28.0	15.0	25.0	44.1	69.1	64.0
5	2	2018	0.10-0.20	17.0	19.0	5.5	0.9	27.0	15.0	22.0	42.9	64.9	66.0
5	2	2018	0.20-0.40	12.0	20.0	4.9	1.4	14.0	13.0	25.0	28.4	53.4	53.0
12.5	2	2018	0.00-0.05	44.0	22.0	5.8	2.9	35.0	21.0	20.0	58.9	78.9	75.0
12.5	2	2018	0.05-0.10	23.0	22.0	5.5	1.3	27.0	15.0	25.0	43.3	68.3	63.0
12.5	2	2018	0.10-0.20	18.0	20.0	4.9	0.8	18.0	11.0	34.0	29.8	63.8	47.0
12.5	2	2018	0.20-0.40	10.0	18.0	5.0	1.4	20.0	15.0	25.0	36.4	61.4	59.0
Ad. Mineral	3	2018	0.00-0.05	19.0	21.0	5.5	2.5	34.0	17.0	22.0	53.5	75.5	71.0
Ad. Mineral	3	2018	0.05-0.10	14.0	19.0	5.4	1.2	26.0	12.0	25.0	39.2	64.2	61.0
Ad. Mineral	3	2018	0.10-0.20	12.0	19.0	6.0	0.8	20.0	10.0	31.0	30.8	61.8	50.0
Ad. Mineral	3	2018	0.20-0.40	9.0	21.0	5.4	0.8	25.0	13.0	27.0	38.8	65.8	59.0
7.5	1	2018	0.00-0.05	30.0	22.0	5.7	2.2	33.0	18.0	22.0	53.2	75.2	71.0
7.5	1	2018	0.05-0.10	20.0	20.0	5.4	1.0	27.0	14.0	25.0	42.0	67.0	63.0
7.5	1	2018	0.10-0.20	18.0	20.0	5.1	0.8	22.0	12.0	31.0	34.8	65.8	53.0
7.5	1	2018	0.20-0.40	13.0	18.0	5.4	0.7	24.0	12.0	25.0	36.7	61.7	59.0
7.5	2	2018	0.00-0.05	40.0	19.0	5.8	1.9	35.0	16.0	18.0	52.9	70.9	75.0
7.5	2	2018	0.05-0.10	24.0	18.0	5.6	1.2	29.0	12.0	22.0	42.2	64.2	66.0
7.5	2	2018	0.10-0.20	13.0	16.0	5.2	0.8	21.0	9.0	25.0	30.8	55.8	55.0
7.5	2	2018	0.20-0.40	12.0	18.0	5.1	1.0	23.0	15.0	28.0	39.0	67.0	58.0
12.5	3	2018	0.00-0.05	26.0	20.0	5.8	2.8	31.0	16.0	18.0	49.8	67.8	73.0
12.5	3	2018	0.05-0.10	18.0	23.0	5.5	1.5	27.0	12.0	25.0	40.5	65.5	62.0
12.5	3	2018	0.10-0.20	9.0	18.0	4.8	0.9	17.0	9.0	34.0	26.9	60.9	44.0
12.5	3	2018	0.20-0.40	12.0	18.0	5.8	1.4	23.0	14.0	26.0	38.7	64.7	60.0
5	3	2018	0.00-0.05	22.0	21.0	5.3	1.7	25.0	14.0	25.0	40.7	65.7	62.0
5	3	2018	0.05-0.10	11.0	21.0	4.7	0.9	16.0	9.0	34.0	25.9	59.9	43.0
5	3	2018	0.10-0.20	9.0	18.0	4.6	0.7	14.0	9.0	38.0	23.7	61.7	38.0
5	3	2018	0.20-0.40	13.0	20.0	5.1	1.1	17.0	13.0	28.0	30.6	58.6	52.0
10	4	2018	0.00-0.05	29.0	19.0	5.9	1.9	37.0	17.0	18.0	55.9	73.9	76.0
10	4	2018	0.05-0.10	16.0	19.0	5.5	1.1	31.0	11.0	22.0	43.1	65.1	66.0
10	4	2018	0.10-0.20	10.0	18.0	4.7	0.8	17.0	8.0	34.0	25.8	59.8	43.0
10	4	2018	0.20-0.40	5.0	17.0	5.0	1.0	16.0	11.0	28.0	28.0	56.0	50.0
Ad. Mineral	4	2018	0.00-0.05	37.0	21.0	6.1	1.9	42.0	16.0	16.0	59.9	75.9	79.0
Ad. Mineral	4	2018	0.05-0.10	25.0	20.0	5.8	0.9	39.0	16.0	20.0	55.9	75.9	74.0
Ad. Mineral	4	2018	0.10-0.20	21.0	19.0	4.9	0.8	20.0	11.0	34.0	31.8	65.8	48.0
Ad. Mineral	4	2018	0.20-0.40	5.0	16.0	4.9	0.8	16.0	12.0	28.0	28.8	56.8	51.0
7.5	3	2018	0.00-0.05	54.0	22.0	5.8	1.9	38.0	17.0	20.0	56.9	76.9	74.0
7.5	3	2018	0.05-0.10	25.0	21.0	5.7	1.4	34.0	14.0	20.0	49.4	69.4	71.0
7.5	3	2018	0.10-0.20	20.0	19.0	5.4	0.9	29.0	12.0	25.0	41.9	66.9	63.0
7.5	3	2018	0.20-0.40	14.0	17.0	5.1	0.8	20.0	10.0	25.0	30.8	55.8	55.0
5	4	2018	0.00-0.05	28.0	20.0	5.8	2.3	35.0	16.0	20.0	53.3	73.3	73.0
5	4	2018	0.05-0.10	19.0	19.0	5.7	1.4	34.0	14.0	22.0	49.4	71.4	69.0
5	4	2018	0.10-0.20	15.0	20.0	5.4	0.9	27.0	12.0	25.0	39.9	64.9	61.0
5	4	2018	0.20-0.40	11.0	19.0	4.9	1.3	19.0	13.0	31.0	33.3	64.3	52.0
7.5	4	2018	0.00-0.05	28.0	27.0	5.7	2.0	29.0	19.0	20.0	50.0	70.0	71.0
7.5	4	2018	0.05-0.10	17.0	21.0	5.2	1.2	25.0	12.0	28.0	38.2	66.2	58.0
7.5	4	2018	0.10-0.20	16.0	19.0	4.9	0.9	20.0	11.0	34.0	31.9	65.9	48.0
7.5	4	2018	0.20-0.40	14.0	19.0	4.9	1.1	20.0	12.0	31.0	33.1	64.1	52.0
0	3	2018	0.00-0.05	18.0	20.0	5.6	2.2	30.0	18.0	20.0	50.2	70.2	72.0
0	3	2018	0.05-0.10	15.0	19.0	5.7	1.3	30.0	14.0	20.0	45.3	65.3	69.0
0	3	2018	0.10-0.20	14.0	18.0	5.6	0.9	26.0	14.0	22.0	40.9	62.9	65.0
0	3	2018	0.20-0.40	8.0	19.0	5.1	1.0	24.0	13.0	25.0	38.0	63.0	60.0
0	4	2018	0.00-0.05	27.0	20.0	5.9	2.3	41.0	18.0	18.0	61.3	79.3	77.0
0	4	2018	0.05-0.10	20.0	20.0	5.8	1.4	37.0	15.0	20.0	53.4	73.4	73.0
0	4	2018	0.10-0.20	17.0	19.0	5.2	0.9	25.0	11.0	28.0	36.9	64.9	57.0
0	4	2018	0.20-0.40	7.0	17.0	5.2	0.8	21.0	12.0	25.0	33.8	58.8	57.0
12.5	4	2018	0.00-0.05	65.0	21.0	6.1	2.6	51.0	21.0	16.0	74.6	90.6	82.0
12.5	4	2018	0.05-0.10	32.0	21.0	6.1	1.5	41.0	17.0	18.0	59.5	77.5	77.0
12.5	4	2018	0.10-0.20	22.0	20.0	5.4	1.0	28.0	13.0	25.0	42.0	67.0	63.0
12.5	4	2018	0.20-0.40	12.0	20.0	5.0	1.4	25.0	15.0	28.0	41.4	69.4	60.0
0	1	2019	0.00-0.05	15.0	19.0	5.9	2.0	43.0	19.0	18.0	64.0	82.0	78.0
0	1	2019	0.05-0.10	10.0	19.0	5.8	1.1	36.0	16.0	20.0	53.1	73.1	73.0
0	1	2019	0.10-0.20	11.0	17.0	5.4	0.8	30.0	12.0	25.0	42.8	67.8	63.0
0	1	2019	0.20-0.40	5.0	15.0	5.3	0.5	8.0	10.0	25.0	18.5	43.5	43.0
10	1	2019	0.00-0.05	99.0	24.0	6.4	3.2	64.0	32.0	15.0	99.2	114.2	87.0
10	1	2019	0.05-0.10	34.0	18.0	6.2	2.1	46.0	20.0	18.0	68.1	86.1	79.0
10	1	2019	0.10-0.20	10.0	16.0	6.6	1.7	25.0	12.0	22.0	38.7	60.7	64.0
10	1	2019	0.20-0.40	8.0	14.0	4.9	0.4	10.0	8.0	28.0	18.4	46.4	40.0
5	1	2019	0.00-0.05	59.0	22.0	6.4	2.7	52.0	27.0	15.0	81.7	96.7	84.0
5	1	2019	0.05-0.10	28.0	19.0	6.1	1.5	36.0	17.0	18.0	54.5	72.5	75.0
5	1	2019	0.10-0.20	12.0	15.0	5.4	1.0	27.0	13.0	25.0	41.0	66.0	62.0
5	1	2019	0.20-0.40	6.0	15.0	5.1	0.7	11.0	8.0	25.0	19.7	44.7	44.0
Ad. Mineral	1	2019	0.00-0.05	35.0	20.0	6.0	2.2	47.0	28.0	18.0	77.2	95.2	81.0
Ad. Mineral	1	2019	0.05-0.10	24.0	17.0	5.9	1.1	38.0	18.0	20.0	57.1	77.1	74.0
Ad. Mineral	1	2019	0.10-0.20	15.0	17.0	6.3	0.7	24.0	13.0	28.0	37.7	65.7	57.0
Ad. Mineral	1	2019	0.20-0.40	4.0	14.0	5.4	0.5	14.0	9.0	20.0	23.5	43.5	54.0
7.5	1	2019	0.00-0.05	96.0	22.0	6.2	3.0	52.0	28.0	18.0	83.0	101.0	82.0
7.5	1	2019	0.05-0.10	35.0	17.0	6.1	1.6	45.0	18.0	18.0	64.6	82.6	78.0
7.5	1	2019	0.10-0.20	18.0	16.0	5.6	1.2	33.0	14.0	25.0	48.2	73.2	66.0
7.5	1	2019	0.20-0.40	6.0	13.0	5.1	0.5	11.0	7.0	25.0	18.5	43.5	43.0
12.5	1	2019	0.00-0.05	61.0	19.0	6.2	2.5	45.0	24.0	17.0	71.5	88.8	80.0
12.5	1	2019	0.05-0.10	40.0	17.0	5.9	1.4	43.0	19.0	20.0	63.4	83.4	76.0
12.5	1	2019	0.10-0.20	14.0	16.0	5.3	1.0	27.0	12.0	25.0	40.0	65.0	62.0
12.5	1	2019	0.20-0.40	8.0	14.0	5.1	0.9	10.0	9.0	25.0	19.9	44.9	44.0
0	2	2019	0.00-0.05	16.0	20.0	5.8	1.9	33.0	19.0	20.0	53.9	73.9	73.0
0	2	2019	0.05-0.10	10.0	19.0	5.5	1.1	28.0	16.0	25.0	45.1	70.1	64.0
0	2	2019	0.10-0.20	11.0	16.0	4.8	0.8	17.0	11.0	34.0	28.8	62.8	46.0
0	2	2019	0.20-0.40	4.0	14.0	5.0	0.2	9.0	8.0	28.0	17.2	45.2	38.0
Ad. Mineral	2	2019	0.00-0.05	19.0	17.0	5.6	1.8	30.0	15.0	20.0	46.8	66.8	70.0
Ad. Mineral	2	2019	0.05-0.10	12.0	17.0	5.6	1.0	28.0	13.0	20.0	42.0	62.0	68.0
Ad. Mineral	2	2019	0.10-0.20	11.0	16.0	5.2	0.8	21.0	10.0	28.0	31.8	59.8	53.0
Ad. Mineral	2	2019	0.20-0.40	4.0	12.0	5.1	0.5	8.0	7.0	25.0	15.5	40.5	38.0
10	2	2019	0.00-0.05	54.0	19.0	5.8	1.3	39.0	25.0	20.0	65.3	85.3	77.0
10	2	2019	0.05-0.10	25.0	17.0	5.6	1.1	32.0	16.0	25.0	49.1	74.1	66.0
10	2	2019	0.10-0.20	12.0	15.0	5.0	1.0	20.0	12.0	31.0	33.0	64.0	52.0
10	2	2019	0.20-0.40	6.0	12.0	5.0	0.4	9.0	8.0	25.0	17.4	42.4	41.0
5	2	2019	0.00-0.05	72.0	20.0	6.1	2.3	47.0	29.0	16.0	78.3	94.3	83.0
5	2	2019	0.05-0.10	30.0	17.0	5.7	1.4	34.0	20.0	20.0	55.4	75.4	73.0
5	2	2019	0.10-0.20	14.0	15.0	5.1	1.1	19.0	12.0	31.0	32.1	63.1	51.0
5	2	2019	0.20-0.40	5.0	12.0	5.1	0.6	8.0	7.0	25.0	15.6	40.6	38.0
12.5	2	2019	0.00-0.05	95.0	22.0	6.1	3.4	49.0	31.0	18.0	83.4	101.4	82.0
12.5	2	2019	0.05-0.10	47.0	20.0	5.9	2.1	37.0	20.0	18.0	59.1	77.1	77.0
12.5	2	2019	0.10-0.20	20.0	16.0	5.0	1.1	19.0	11.0	31.0	31.1	62.1	50.0
12.5	2	2019	0.20-0.40	9.0	14.0	5.2	0.7	10.0	8.0	25.0	18.7	43.7	43.0
7.5	2	2019	0.00-0.05	65.0	20.0	6.0	2.6	41.0	26.0	18.0	69.6	87.6	79.0
7.5	2	2019	0.05-0.10	31.0	18.0	5.8	2.0	28.0	23.0	20.0	53.0	73.0	73.0
7.5	2	2019	0.10-0.20	23.0	16.0	5.1	1.2	22.0	14.0	34.0	37.2	71.2	52.0
7.5	2	2019	0.20-0.40	5.0	15.0	4.9	0.5	7.0	6.0	25.0	13.5	38.5	35.0
Ad. Mineral	3	2019	0.00-0.05	29.0	16.0	5.8	1.7	32.0	16.0	20.0	49.7	69.7	71.0
Ad. Mineral	3	2019	0.05-0.10	15.0	16.0	5.6	1.1	28.0	13.0	22.0	42.1	64.1	66.0
Ad. Mineral	3	2019	0.10-0.20	11.0	15.0	5.1	0.7	21.0	11.0	28.0	32.7	60.7	54.0
Ad. Mineral	3	2019	0.20-0.40	4.0	13.0	5.5	0.2	10.0	7.0	18.0	17.2	35.2	49.0
12.5	3	2019	0.00-0.05	55.0	18.0	6.2	1.9	40.0	21.0	16.0	62.9	78.9	80.0
12.5	3	2019	0.05-0.10	17.0	15.0	5.6	1.4	28.0	14.0	22.0	43.4	65.4	66.0
12.5	3	2019	0.10-0.20	10.0	14.0	5.0	0.9	18.0	12.0	28.0	30.9	58.9	52.0
12.5	3	2019	0.20-0.40	6.0	13.0	5.4	0.4	12.0	8.0	20.0	20.4	40.4	50.0
7.5	3	2019	0.00-0.05	49.0	18.0	5.9	1.7	44.0	27.0	18.0	72.7	90.7	80.0
7.5	3	2019	0.05-0.10	15.0	15.0	6.0	0.9	33.0	16.0	18.0	49.9	67.9	73.0
7.5	3	2019	0.10-0.20	7.0	12.0	4.8	0.7	13.0	7.0	31.0	20.7	51.7	40.0
7.5	3	2019	0.20-0.40	6.0	13.0	4.8	0.4	8.0	6.0	25.0	14.4	39.4	37.0
10	3	2019	0.00-0.05	15.0	21.0	6.1	2.1	53.0	32.0	16.0	87.1	103.1	84.0
10	3	2019	0.05-0.10	37.0	17.0	5.9	1.4	38.0	19.0	18.0	58.4	76.4	76.0
10	3	2019	0.10-0.20	18.0	16.0	5.4	1.2	27.0	14.0	28.0	42.2	70.2	60.0
10	3	2019	0.20-0.40	7.0	14.0	4.9	0.3	10.0	7.0	25.0	17.3	42.3	41.0
5	3	2019	0.00-0.05	61.0	20.0	6.0	2.2	42.0	21.0	18.0	65.2	83.2	78.0
5	3	2019	0.05-0.10	25.0	16.0	5.8	1.5	32.0	16.0	20.0	49.5	69.5	71.0
5	3	2019	0.10-0.20	16.0	15.0	5.1	1.2	19.0	10.0	31.0	30.2	61.2	49.0
5	3	2019	0.20-0.40	7.0	14.0	4.9	0.5	9.0	8.0	25.0	17.5	42.5	41.0
0	3	2019	0.00-0.05	19.0	17.0	5.7	1.2	33.0	15.0	22.0	49.2	71.2	69.0
0	3	2019	0.05-0.10	17.0	17.0	5.8	1.7	35.0	16.0	20.0	52.7	72.7	72.0
0	3	2019	0.10-0.20	12.0	15.0	5.2	1.0	20.0	11.0	28.0	32.0	60.0	53.0
0	3	2019	0.20-0.40	3.0	15.0	4.9	0.2	7.0	6.0	25.0	13.2	38.2	35.0
10	4	2019	0.00-0.05	36.0	18.0	6.0	2.3	37.0	21.0	16.0	60.3	76.3	79.0
10	4	2019	0.05-0.10	32.0	17.0	5.9	1.5	39.0	18.0	20.0	58.5	78.9	74.0
10	4	2019	0.10-0.20	13.0	16.0	5.7	1.3	24.0	13.0	27.0	38.0	65.0	59.0
10	4	2019	0.20-0.40	7.0	13.0	4.9	0.4	10.0	8.0	26.0	17.7	43.7	41.0
Ad. Mineral	4	2019	0.00-0.05	34.0	19.0	6.0	2.0	36.0	17.0	18.0	55.0	73.0	75.0
Ad. Mineral	4	2019	0.05-0.10	24.0	15.0	5.8	1.0	35.0	14.0	20.0	50.0	70.0	71.0
Ad. Mineral	4	2019	0.10-0.20	14.0	15.0	5.3	0.7	23.0	11.0	25.0	34.7	59.7	58.0
Ad. Mineral	4	2019	0.20-0.40	4.0	13.0	5.3	0.4	11.0	8.0	21.0	18.7	39.7	47.0
12.5	4	2019	0.00-0.05	39.0	18.0	5.8	1.6	40.0	20.0	20.0	61.6	81.6	75.0
12.5	4	2019	0.05-0.10	27.0	17.0	5.5	1.3	29.0	14.0	25.0	44.3	69.3	64.0
12.5	4	2019	0.10-0.20	12.0	15.0	5.3	0.8	20.0	11.0	28.0	31.8	59.8	53.0
12.5	4	2019	0.20-0.40	8.0	14.0	5.2	0.7	11.0	8.0	23.0	20.0	43.0	46.0
5	4	2019	0.00-0.05	39.0	17.0	5.8	1.3	37.0	19.0	20.0	57.3	77.3	74.0
5	4	2019	0.05-0.10	27.0	18.0	5.4	0.9	28.0	14.0	28.0	42.9	70.9	61.0
5	4	2019	0.10-0.20	11.0	16.0	5.0	0.8	19.0	11.0	34.0	30.8	64.8	48.0
5	4	2019	0.20-0.40	6.0	14.0	5.0	0.6	9.0	8.0	25.0	17.6	42.6	41.0
7.5	4	2019	0.00-0.05	48.0	19.0	5.6	1.8	41.0	28.0	25.0	70.8	95.8	74.0
7.5	4	2019	0.05-0.10	26.0	17.0	5.4	1.2	28.0	15.0	28.0	44.2	72.2	61.0
7.5	4	2019	0.10-0.20	14.0	15.0	4.8	0.8	18.0	11.0	34.0	29.8	63.8	47.0
7.5	4	2019	0.20-0.40	6.0	14.0	4.9	0.5	9.0	6.0	25.0	15.5	40.5	38.0
0	4	2019	0.00-0.05	14.0	16.0	5.8	1.7	30.0	16.0	20.0	47.7	67.7	70.0
0	4	2019	0.05-0.10	10.0	15.0	5.3	1.1	23.0	11.0	25.0	35.1	60.1	58.0
0	4	2019	0.10-0.20	10.0	16.0	5.1	0.8	20.0	10.0	31.0	30.8	61.8	50.0
0	4	2019	0.20-0.40	4.0	15.0	5.1	0.3	8.0	8.0	26.0	16.3	42.3	38.0
