DOSE	REP	Ano	Prof	MACRO	MICRO	PT	DS	DMP	IEA	DMG	AGRI
0	1	2018	0.00-0.05	0.03	0.31	0.34	1.61	1.0	27.6	0.2	8.8
0	1	2018	0.05-0.10	0.07	0.28	0.35	1.64	0.6	54.4	0.3	4.0
0	1	2018	0.10-0.20	0.07	0.26	0.33	1.67	0.6	56.0	0.3	3.9
0	2	2018	0.00-0.05	0.14	0.24	0.37	1.45	0.7	62.7	0.4	6.1
0	2	2018	0.05-0.10	0.11	0.24	0.35	1.48	0.7	73.0	0.4	2.1
0	2	2018	0.10-0.20	0.11	0.24	0.35	1.62	0.6	56.3	0.3	3.7
10	1	2018	0.00-0.05	0.14	0.26	0.40	1.43	0.7	61.2	0.4	7.1
10	1	2018	0.05-0.10	0.16	0.25	0.41	1.43	0.6	67.6	0.4	3.6
10	1	2018	0.10-0.20	0.09	0.26	0.36	1.63	0.7	63.4	0.4	6.3
Ad. Mineral	1	2018	0.00-0.05	0.05	0.27	0.33	1.58	0.6	57.8	0.3	3.8
Ad. Mineral	1	2018	0.05-0.10	0.03	0.28	0.31	1.68	0.7	67.5	0.4	3.6
Ad. Mineral	1	2018	0.10-0.20	0.07	0.26	0.34	1.63	0.5	59.9	0.3	1.0
10	2	2018	0.00-0.05	0.09	0.33	0.42	1.88	1.0	66.0	0.5	12.3
10	2	2018	0.05-0.10	0.16	0.24	0.40	1.44	1.0	56.8	0.4	16.1
10	2	2018	0.10-0.20	0.14	0.25	0.38	1.53	0.5	57.4	0.3	2.8
5	1	2018	0.00-0.05	0.14	0.25	0.39	1.48	1.1	68.4	0.5	16.3
5	1	2018	0.05-0.10	0.12	0.25	0.38	1.49	1.0	67.9	0.5	12.3
5	1	2018	0.10-0.20	0.07	0.27	0.34	1.61	0.6	58.0	0.4	4.4
10	3	2018	0.00-0.05	0.07	0.28	0.35	1.60	0.7	61.9	0.4	4.9
10	3	2018	0.05-0.10	0.14	0.24	0.38	1.48	0.7	68.5	0.4	3.8
10	3	2018	0.10-0.20	0.11	0.24	0.35	1.63	0.9	77.9	0.5	8.5
Ad. Mineral	2	2018	0.00-0.05	0.12	0.26	0.38	1.46	0.8	57.4	0.3	8.7
Ad. Mineral	2	2018	0.05-0.10	0.18	0.22	0.40	1.40	0.9	73.8	0.5	5.4
Ad. Mineral	2	2018	0.10-0.20	0.16	0.22	0.38	1.49	0.6	53.4	0.3	5.1
12.5	1	2018	0.00-0.05	0.14	0.24	0.38	1.43	1.0	65.1	0.5	11.5
12.5	1	2018	0.05-0.10	0.15	0.24	0.39	1.49	1.0	65.8	0.5	12.6
12.5	1	2018	0.10-0.20	0.09	0.26	0.35	1.62	0.6	74.0	0.4	1.4
5	2	2018	0.00-0.05	0.06	0.28	0.33	1.60	0.5	48.2	0.3	2.8
5	2	2018	0.05-0.10	0.07	0.26	0.32	1.69	0.6	60.2	0.3	5.3
5	2	2018	0.10-0.20	0.09	0.25	0.34	1.64	0.6	67.9	0.4	1.6
12.5	2	2018	0.00-0.05	0.17	0.25	0.42	1.41	0.9	66.6	0.5	10.7
12.5	2	2018	0.05-0.10	0.15	0.23	0.39	1.45	0.7	63.1	0.4	7.2
12.5	2	2018	0.10-0.20	0.12	0.25	0.37	1.56	0.7	67.6	0.4	4.8
Ad. Mineral	3	2018	0.00-0.05	0.16	0.24	0.40	1.39	1.1	69.9	0.5	16.3
Ad. Mineral	3	2018	0.05-0.10	0.21	0.23	0.44	1.35	0.7	65.1	0.4	6.0
Ad. Mineral	3	2018	0.10-0.20	0.17	0.22	0.38	1.48	0.5	49.5	0.3	2.5
7.5	1	2018	0.00-0.05	0.12	0.25	0.37	1.43	0.9	75.1	0.5	10.0
7.5	1	2018	0.05-0.10	0.07	0.26	0.33	1.55	1.1	76.9	0.6	11.3
7.5	1	2018	0.10-0.20	0.08	0.24	0.32	1.57	1.0	74.6	0.5	11.4
7.5	2	2018	0.00-0.05	0.15	0.27	0.42	1.36	0.9	74.0	0.5	8.6
7.5	2	2018	0.05-0.10	0.16	0.24	0.40	1.36	1.0	73.0	0.5	11.1
7.5	2	2018	0.10-0.20	0.05	3.08	3.13	-1.21	0.8	67.1	0.5	6.8
12.5	3	2018	0.00-0.05	0.06	0.30	0.36	1.58	0.7	58.0	0.4	6.3
12.5	3	2018	0.05-0.10	0.03	0.28	0.31	1.75	0.6	66.4	0.4	2.8
12.5	3	2018	0.10-0.20	0.06	0.28	0.34	1.67	0.5	66.2	0.3	2.6
5	3	2018	0.00-0.05	0.14	0.26	0.40	1.42	0.9	65.3	0.4	10.9
5	3	2018	0.05-0.10	0.11	0.26	0.37	1.46	0.9	62.9	0.4	13.3
5	3	2018	0.10-0.20	0.07	0.27	0.34	1.61	0.8	75.8	0.5	5.5
10	4	2018	0.00-0.05	0.03	0.31	0.34	1.64	0.7	70.5	0.4	6.4
10	4	2018	0.05-0.10	0.09	0.38	0.47	1.80	0.8	71.9	0.5	6.4
10	4	2018	0.10-0.20	0.09	0.35	0.43	1.91	0.5	62.0	0.3	2.1
Ad. Mineral	4	2018	0.00-0.05	0.08	0.27	0.35	1.51	0.8	59.0	0.4	8.4
Ad. Mineral	4	2018	0.05-0.10	0.17	0.27	0.44	1.45	0.9	65.7	0.4	10.1
Ad. Mineral	4	2018	0.10-0.20	0.12	0.30	0.41	1.57	0.7	66.0	0.4	4.5
7.5	3	2018	0.00-0.05	0.13	0.29	0.42	1.44	0.7	59.0	0.4	7.9
7.5	3	2018	0.05-0.10	0.18	0.27	0.45	1.38	0.6	69.8	0.4	2.9
7.5	3	2018	0.10-0.20	0.11	0.29	0.39	1.56	0.6	55.8	0.3	4.3
5	4	2018	0.00-0.05	0.13	0.25	0.37	1.45	0.8	64.4	0.4	9.2
5	4	2018	0.05-0.10	0.05	0.32	0.37	1.67	1.5	76.6	0.7	26.3
5	4	2018	0.10-0.20	0.12	0.28	0.39	1.61	0.9	69.3	0.5	7.9
7.5	4	2018	0.00-0.05	0.03	0.30	0.32	1.68	0.9	79.1	0.6	5.0
7.5	4	2018	0.05-0.10	0.06	0.31	0.37	1.68	0.5	59.8	0.3	1.9
7.5	4	2018	0.10-0.20	0.11	0.27	0.39	1.56	0.4	58.4	0.3	0.7
0	3	2018	0.00-0.05	0.15	0.25	0.40	1.40	0.7	69.8	0.4	7.7
0	3	2018	0.05-0.10	0.18	0.26	0.43	1.39	0.6	67.7	0.4	2.9
0	3	2018	0.10-0.20	0.18	0.25	0.44	1.38	0.6	67.5	0.4	3.5
0	4	2018	0.00-0.05	0.17	0.26	0.43	1.35	0.9	65.0	0.5	10.6
0	4	2018	0.05-0.10	0.08	0.31	0.40	1.58	0.8	64.5	0.4	7.5
0	4	2018	0.10-0.20	0.11	0.28	0.39	1.58	0.8	73.3	0.5	6.6
12.5	4	2018	0.00-0.05	0.17	0.26	0.43	1.43	1.0	69.8	0.5	12.2
12.5	4	2018	0.05-0.10	0.21	0.25	0.46	1.31	1.1	67.8	0.5	16.5
12.5	4	2018	0.10-0.20	0.10	0.30	0.40	1.57	0.9	61.9	0.5	10.0
0	1	2019	0.00-0.05	0.07	0.26	0.33	1.69	1.1	66.9	0.5	12.9
0	1	2019	0.05-0.10	0.07	0.27	0.33	1.70	1.1	70.3	0.6	16.5
0	1	2019	0.10-0.20	0.08	0.29	0.36	1.63	0.8	70.6	0.5	4.9
10	1	2019	0.00-0.05	0.06	0.28	0.34	1.60	1.4	76.6	0.7	21.8
10	1	2019	0.05-0.10	0.07	0.28	0.35	1.58	1.3	77.4	0.7	19.7
10	1	2019	0.10-0.20	0.06	0.27	0.33	1.64	0.6	72.7	0.5	2.5
5	1	2019	0.00-0.05	0.11	0.26	0.37	1.54	1.1	74.0	0.6	14.3
5	1	2019	0.05-0.10	0.06	0.28	0.34	1.55	1.2	73.7	0.6	14.6
5	1	2019	0.10-0.20	0.07	0.27	0.34	1.55	0.7	71.3	0.5	5.2
Ad. Mineral	1	2019	0.00-0.05	0.08	0.28	0.36	1.61	0.8	70.9	0.5	6.8
Ad. Mineral	1	2019	0.05-0.10	0.05	0.29	0.35	1.64	0.8	75.0	0.6	7.5
Ad. Mineral	1	2019	0.10-0.20	0.06	0.28	0.34	1.61	0.8	70.2	0.5	2.8
7.5	1	2019	0.00-0.05	0.15	0.27	0.42	1.40	0.8	42.3	0.4	7.6
7.5	1	2019	0.05-0.10	0.14	0.34	0.48	1.80	0.8	73.2	0.5	7.8
7.5	1	2019	0.10-0.20	0.10	0.28	0.39	1.48	0.5	60.4	0.4	0.6
12.5	1	2019	0.00-0.05	0.16	0.27	0.44	1.39	1.3	78.2	0.7	17.9
12.5	1	2019	0.05-0.10	0.22	0.27	0.49	1.32	0.6	69.3	0.4	4.0
12.5	1	2019	0.10-0.20	0.07	0.30	0.37	1.54	0.5	62.6	0.4	0.9
0	2	2019	0.00-0.05	0.14	0.24	0.38	1.46	1.3	72.1	0.7	21.2
0	2	2019	0.05-0.10	0.12	0.27	0.39	1.45	0.9	68.0	0.5	9.3
0	2	2019	0.10-0.20	0.11	0.25	0.36	1.52	0.6	67.5	0.4	2.9
Ad. Mineral	2	2019	0.00-0.05	0.12	0.27	0.40	1.53	1.3	73.7	0.7	19.3
Ad. Mineral	2	2019	0.05-0.10	0.09	0.26	0.35	1.56	0.7	68.8	0.5	5.1
Ad. Mineral	2	2019	0.10-0.20	0.11	0.26	0.37	1.47	0.5	59.4	0.4	1.8
10	2	2019	0.00-0.05	0.20	0.24	0.44	1.28	1.2	77.3	0.7	17.5
10	2	2019	0.05-0.10	0.14	0.26	0.40	1.44	0.6	67.1	0.4	1.3
10	2	2019	0.10-0.20	0.08	0.27	0.34	1.55	0.6	69.4	0.4	2.3
5	2	2019	0.00-0.05	0.10	0.25	0.35	1.53	0.9	67.2	0.5	8.3
5	2	2019	0.05-0.10	0.14	1.62	1.76	0.08	1.1	80.6	0.7	12.9
5	2	2019	0.10-0.20	0.12	0.26	0.38	1.50	0.5	67.0	0.4	0.9
12.5	2	2019	0.00-0.05	0.20	0.24	0.44	1.32	1.2	72.8	0.6	16.0
12.5	2	2019	0.05-0.10	0.13	0.24	0.38	1.52	0.6	69.0	0.4	1.7
12.5	2	2019	0.10-0.20	0.14	0.23	0.38	1.53	0.6	67.4	0.4	4.3
7.5	2	2019	0.00-0.05	0.11	0.26	0.37	1.53	1.7	82.1	0.9	31.1
7.5	2	2019	0.05-0.10	0.17	0.23	0.40	1.40	1.1	67.7	0.6	15.6
7.5	2	2019	0.10-0.20	0.09	0.26	0.35	1.57	0.8	72.4	0.5	2.2
Ad. Mineral	3	2019	0.00-0.05	0.10	0.26	0.36	1.55	1.3	72.6	0.7	20.5
Ad. Mineral	3	2019	0.05-0.10	0.03	0.28	0.31	1.65	1.0	76.0	0.6	9.0
Ad. Mineral	3	2019	0.10-0.20	0.06	0.26	0.33	1.57	0.6	64.5	0.4	2.1
12.5	3	2019	0.00-0.05	0.12	0.26	0.38	1.48	1.0	69.5	0.6	11.9
12.5	3	2019	0.05-0.10	0.18	1.64	1.82	1.52	1.0	75.8	0.6	12.4
12.5	3	2019	0.10-0.20	0.07	0.26	0.33	1.55	0.5	61.2	0.4	2.3
7.5	3	2019	0.00-0.05	0.09	0.28	0.37	1.48	1.0	71.0	0.6	11.7
7.5	3	2019	0.05-0.10	0.05	0.28	0.33	1.58	0.7	65.4	0.4	4.7
7.5	3	2019	0.10-0.20	0.18	0.24	0.42	1.38	0.7	70.0	0.5	5.2
10	3	2019	0.00-0.05	0.07	0.28	0.35	1.62	1.0	73.4	0.6	10.9
10	3	2019	0.05-0.10	0.08	0.27	0.35	1.57	1.1	74.2	0.6	13.6
10	3	2019	0.10-0.20	0.06	0.27	0.33	1.64	0.6	65.0	0.4	2.7
5	3	2019	0.00-0.05	0.14	0.26	0.40	1.50	1.0	70.3	0.5	11.7
5	3	2019	0.05-0.10	0.18	0.25	0.44	1.41	0.7	69.3	0.5	3.6
5	3	2019	0.10-0.20	0.10	0.29	0.40	1.66	0.6	72.3	0.4	3.3
0	3	2019	0.00-0.05	0.15	0.27	0.41	1.44	1.0	68.4	0.5	11.8
0	3	2019	0.05-0.10	0.17	0.21	0.38	1.55	1.3	78.1	0.7	19.3
0	3	2019	0.10-0.20	0.12	0.25	0.37	1.57	0.7	67.4	0.4	5.9
10	4	2019	0.00-0.05	0.18	0.23	0.41	1.35	1.5	78.5	0.8	23.6
10	4	2019	0.05-0.10	0.14	0.21	0.35	1.50	0.9	66.2	0.5	9.8
10	4	2019	0.10-0.20	0.13	0.21	0.34	1.55	0.7	65.1	0.4	7.7
Ad. Mineral	4	2019	0.00-0.05	0.13	0.19	0.32	1.54	1.6	79.3	0.9	28.8
Ad. Mineral	4	2019	0.05-0.10	0.19	0.23	0.42	1.38	0.8	69.4	0.5	7.3
Ad. Mineral	4	2019	0.10-0.20	0.14	0.21	0.35	1.51	0.5	55.9	0.4	3.4
12.5	4	2019	0.00-0.05	0.10	0.26	0.35	1.53	1.2	70.7	0.6	18.2
12.5	4	2019	0.05-0.10	0.13	0.24	0.38	1.52	0.6	69.5	0.4	2.9
12.5	4	2019	0.10-0.20	0.14	0.23	0.38	1.53	0.6	62.5	0.4	3.5
5	4	2019	0.00-0.05	0.19	0.24	0.43	1.34	1.0	62.7	0.5	12.2
5	4	2019	0.05-0.10	0.15	0.22	0.37	1.49	0.7	63.0	0.4	7.9
5	4	2019	0.10-0.20	0.07	0.25	0.33	1.64	0.6	66.5	0.4	3.5
7.5	4	2019	0.00-0.05	0.10	0.26	0.36	1.54	1.4	76.2	0.7	22.8
7.5	4	2019	0.05-0.10	0.10	0.29	0.39	1.75	1.0	68.3	0.5	13.3
7.5	4	2019	0.10-0.20	0.16	0.26	0.42	1.88	0.7	66.3	0.4	4.4
0	4	2019	0.00-0.05	0.08	0.27	0.35	1.58	1.1	70.7	0.6	16.8
0	4	2019	0.05-0.10	0.19	0.22	0.41	1.40	0.7	59.5	0.4	4.9
0	4	2019	0.10-0.20	0.15	0.23	0.39	1.46	0.8	66.6	0.4	8.3
